1.jpg 2.55 3.69 0.00 2.10 0.75 0.00 0.00 0.00 2.85 1.38 0.00 0.00 0.70 0.00 1.78 0.77 0.00
2.jpg 2.94 4.42 0.00 2.96 0.73 0.00 0.00 0.07 2.62 2.11 0.00 0.00 0.67 0.00 2.72 1.08 0.25
3.jpg 2.53 2.65 0.00 2.00 0.14 0.00 0.00 0.00 1.36 1.49 0.00 0.00 0.69 0.00 0.00 0.00 0.48
4.jpg 0.00 0.00 2.22 1.46 1.60 0.00 0.73 1.25 1.18 1.94 0.00 0.00 0.55 0.00 2.04 0.00 0.00
5.jpg 1.54 2.39 0.00 2.62 0.00 0.00 0.00 0.00 0.00 0.90 0.00 0.00 0.21 0.00 0.00 0.00 0.00
6.jpg 0.00 0.00 0.34 3.10 1.63 0.00 0.00 0.00 2.24 1.46 0.00 0.00 0.00 0.02 0.00 0.00 0.00
7.jpg 1.29 0.49 0.00 2.07 0.97 0.00 0.00 0.00 1.98 1.51 0.00 0.00 0.55 0.08 0.00 0.00 0.37
8.jpg 3.00 0.00 0.00 1.12 0.61 0.00 0.00 0.00 2.07 1.55 0.00 0.00 0.82 0.00 2.05 0.74 0.00
9.jpg 1.24 3.40 0.00 2.05 0.00 0.00 0.00 0.00 0.14 0.42 0.00 0.00 0.00 0.00 0.15 0.27 0.50
10.jpg 0.96 3.51 0.00 2.49 0.00 0.00 0.00 0.00 0.54 0.59 0.00 0.00 0.15 0.01 0.00 0.00 0.59
11.jpg 2.27 4.43 0.00 1.43 0.00 0.00 0.00 0.00 0.00 0.46 0.17 0.00 0.80 0.00 1.71 0.00 0.49
12.jpg 2.60 4.15 0.00 3.33 0.00 0.00 0.00 0.00 0.00 0.00 0.00 0.00 0.14 0.00 0.25 0.56 0.00
13.jpg 2.58 5.00 0.00 3.88 0.00 0.00 0.00 0.00 0.00 0.00 0.00 0.00 0.00 0.00 1.73 1.31 0.00
14.jpg 0.28 0.02 1.12 0.89 1.91 0.00 1.08 1.52 2.51 2.33 0.00 0.00 0.00 0.00 1.36 0.47 0.22
15.jpg 2.60 0.00 0.41 2.87 0.00 0.18 0.00 0.00 0.00 0.18 1.18 0.00 1.12 0.00 0.00 0.00 0.00
16.jpg 2.47 0.62 0.20 0.00 0.84 0.73 0.28 0.56 0.00 0.55 0.55 0.00 2.16 0.00 2.89 0.98 3.29
17.jpg 0.00 1.08 0.57 0.98 0.00 0.00 1.17 0.00 0.00 1.58 0.00 0.00 0.11 0.00 0.00 0.00 0.00
18.jpg 0.62 1.55 0.70 2.99 0.00 0.00 1.76 0.51 0.00 0.00 1.56 0.00 1.13 0.00 1.07 0.00 0.00
19.jpg 1.93 3.31 0.87 1.34 0.42 0.18 2.79 1.51 0.12 1.02 0.00 0.00 1.47 0.00 2.72 0.00 0.00
20.jpg 0.74 2.33 0.00 3.73 0.58 0.40 1.53 0.49 0.19 0.76 0.00 0.00 1.95 0.00 4.43 1.07 0.00
21.jpg 0.43 1.44 0.00 2.93 0.00 0.00 0.65 0.00 0.00 0.47 0.68 0.00 0.98 0.00 0.00 0.00 0.00
22.jpg 1.64 3.60 0.10 3.29 0.00 0.00 0.46 0.00 0.00 0.54 0.32 0.00 0.80 0.00 0.52 0.00 0.00
23.jpg 0.65 0.67 0.75 0.83 0.00 0.00 0.21 0.00 0.00 1.17 0.49 0.01 0.43 0.00 0.00 0.00 1.51
24.jpg 1.05 0.93 0.00 2.14 1.56 1.05 0.53 0.29 2.65 1.96 0.00 0.00 0.38 0.45 0.60 0.00 0.00
25.jpg 1.56 3.22 0.00 1.55 0.00 0.00 0.00 0.00 0.00 0.49 0.00 0.00 0.81 0.00 0.00 0.00 0.44
26.jpg 2.44 0.66 0.81 1.84 0.00 0.00 0.00 0.00 0.00 0.08 0.00 0.00 1.21 0.00 1.37 0.00 0.00
27.jpg 2.77 4.77 0.00 4.00 0.00 0.00 0.00 0.00 0.00 0.00 0.50 0.00 0.58 0.00 1.98 0.86 0.00
28.jpg 1.53 0.00 0.90 1.35 0.00 0.00 0.74 0.37 0.00 0.73 0.51 0.00 1.99 0.00 2.30 0.35 0.00
